8195
8197
2058
8203
4107
6160
4118
8214
6169
4122
8222
6176
4150
8249
4154
2109
6205
6207
4159
4163
4165
6216
8265
2125
8272
8273
8274
4183
6235
2151
6251
6254
2159
8305
8307
2172
6272
6273
2188
4240
6290
6291
4247
4249
4251
8348
6304
6138
8357
8358
4265
6318
2224
2226
2234
6334
8390
4298
8395
4302
2255
8400
8401
8402
4308
6363
2271
2272
4323
6372
8424
8439
6395
6396
4348
4351
4357
8464
6417
6416
2324
6426
2330
8481
8482
6437
4395
8505
2363
6462
8513
4418
2373
4425
4429
8528
2391
4444
4447
6500
6502
4455
8553
8556
2413
4465
8562
2432
2435
4484
8585
2453
6551
2465
8613
4519
2479
4528
4540
6589
6592
4545
4548
2503
2504
2506
4567
6617
4573
8681
8683
6638
2543
4595
4597
2550
8699
2556
2558
6661
8710
2568
6665
8712
2577
2591
4644
8746
6709
4664
8761
2616
8763
8764
4669
2622
6720
4675
6725
2630
8776
2633
6731
4684
8787
2645
4697
6748
6755
6761
6763
4725
6777
4737
6789
4751
6802
4755
6804
2717
4770
4774
8871
6830
6837
6849
2757
8904
8907
6859
2770
2771
2773
2794
4842
6892
2800
6896
8955
8957
2816
4865
4868
2823
4872
2835
2845
4897
2850
6948
2856
2858
6955
2861
4914
4915
4919
4920
2871
2884
4933
2889
4939
6989
6991
4947
9046
7008
2921
4975
2930
2931
7029
2936
9096
9101
5006
2958
7055
2962
7058
2964
7065
2976
2982
2986
9131
2987
2988
2992
9150
5054
7105
5061
7112
3017
9167
3033
9185
5090
7145
1006
5103
7152
9199
9213
7171
5125
3077
5134
5136
5139
7188
1052
5148
5150
9247
5160
7212
1069
1070
5165
3120
9264
7219
1080
7234
9282
9288
1097
7242
3148
9293
1102
3154
1109
1113
3165
3168
9313
7264
9314
7268
1122
3174
9320
3181
9328
5236
1142
7288
9336
1147
3200
5249
5252
5254
1158
1160
7307
3216
9360
1170
7318
5272
1177
3235
5301
9405
5310
7359
9417
5323
1234
7383
5341
1246
1248
5348
7397
7401
5358
3313
3319
1277
7422
3325
7424
9477
5385
1292
3350
9503
7464
3371
5421
3376
9522
1332
9525
7477
3383
5432
9531
7486
5439
7489
9541
7499
5455
5456
7504
7513
5465
7515
7517
9570
7523
9576
3432
9581
7539
1403
7550
7551
9603
7558
9610
5516
7565
1422
5520
5521
1429
7583
5535
9636
3493
5548
3501
7601
1458
1467
9664
1475
5572
7621
5578
7635
9684
3539
3551
7648
1505
9708
5614
3572
3578
7681
5636
5639
5645
3601
5651
7701
5659
9756
9767
9769
3627
5681
3637
9786
1595
5710
9807
3664
3669
7766
5717
9814
7769
3671
9822
9823
9829
7782
3690
3691
9837
3704
5754
5759
1671
9864
7817
3727
3732
5785
5786
7835
9881
7834
9882
1696
7842
1698
1701
7847
5801
1716
5814
3767
5816
7865
1722
1725
5825
7878
3785
1740
5839
7887
3794
9938
3800
5849
7900
9952
7905
7906
5859
5860
5868
5872
3828
5880
9985
7946
3851
1809
5907
1812
3863
7960
1818
3881
1840
7984
5941
3895
3896
5945
5951
8002
3907
5955
3909
3922
1876
5976
3930
5979
8030
3937
5988
8037
5992
3947
8047
8048
6000
1906
1904
1920
3969
8065
6021
8073
3977
6035
6041
1949
6046
8094
4003
1955
8104
1961
6059
1986
8133
8137
1995
4044
2000
6098
8149
8158
8163
2023
6123
2027
6126
2032
4083
2042
8187
2046
